2 5 12
7 8 19
8 1 42
1 9 30
8 9 38
3 4 4
6 6 31
5 6 33
0 8 23
4 3 7
5 3 46
5 9 48
8 3 30
0 3 43
5 3 36
1 8 1
3 3 8
7 8 47
8 5 40
7 2 7
5 1 4
2 4 45
4 6 11
9 4 21
1 2 37
1 3 18
5 1 36
6 9 32
3 6 3
5 7 9
5 2 39
1 3 10
6 8 37
3 0 3
1 1 32
8 0 48
2 2 36
1 9 31
2 8 49
4 2 38
8 0 5
6 4 24
5 1 13
2 2 9
5 0 0
5 1 35
4 0 40
7 3 29
7 3 34
9 8 49
5 3 16
5 5 2
6 1 44
3 9 8
7 4 12
5 2 1
4 1 10
0 4 43
3 0 19
6 0 27
9 8 29
9 3 28
6 6 35
4 9 48
6 1 26
5 3 26
3 2 9
1 7 43
2 6 15
2 3 26
1 7 48
5 8 26
0 2 13
6 1 34
7 7 24
8 7 14
7 6 49
0 0 67
9 9 7